1 - - 12706 52139
2 240261 240262 12706 52138
3 159240 159240 12705 52138
4 120693 120694 12705 52138
5 96128 96131 12704 52138
6 83856 83859 12703 52137
7 68437 68442 12702 52137
8 62041 62043 12702 52137
9 56601 56605 12702 52136
10 49038 49044 12701 52136
11 44995 45001 12701 52136
12 42539 42545 12701 52136
13 39711 39718 12701 52134
14 37739 37747 12701 52133
15 35861 35868 12701 52130
16 34260 34273 12700 52129
17 32941 32954 12699 52127
18 31520 31538 12699 52127
19 30285 30304 12697 52126
20 16287 16302 12696 52124
21 15514 15522 12694 52124
22 15391 15402 12693 52124
23 14663 14679 12692 52123
24 13624 13642 12691 52122
25 13511 13534 12691 52122
26 13273 13296 12691 52120
27 12699 12720 12691 52120
28 12880 12898 12691 52120
29 12205 12235 12690 52119
30 11660 11684 12690 52118
31 12852 12895 12690 52117
32 12687 12706 12687 52115
33 12534 12569 52114
34 10295 10325 52111
35 11683 11722 52109
36 11146 11208 52104
37 12734 12766 52104
38 10259 10300 52104
39 10504 10538 52101
40 11390 11432 52101
41 13793 13830 52101
42 12572 12652 52101
43 12935 12974 52100
44 12397 12432 52100
45 13787 13826 52100
46 14119 14165 52098
47 19369 19399 52087
48 14140 14197 52081
49 11751 11824 52075
50 26035 26081 52071
51 18293 18347 52071
52 17392 17464 52071
53 28162 28215 52066
54 27376 27434 52066
55 30998 31074 52066
56 36390 36427 52060
57 24525 24591 52060
58 28565 28656 52043
59 39992 40104 52043
60 33029 33123 52041
61 31277 31385 52041
62 45909 45986 52041
63 36701 36784 52040
64 52007 52139 52007
