1 - - 2756349 1629720
2 - - 2756349 1629524
3 - - 2756349 1629419
4 - - 2756349 1629406
5 - - 2756347 1629371
6 - - 2756345 1629362
7 - - 2756344 1629362
8 53611056 53611058 2756343 1629362
9 - - 2756342 1629360
10 - - 2756341 1629359
11 - - 2756340 1629355
12 - - 2756337 1629354
13 - - 2756337 1629354
14 - - 2756337 1629354
15 28096244 28096252 2756335 1629354
16 21171799 21171814 2756334 1629351
17 18108088 18108105 2756333 1629350
18 16949407 16949419 2756333 1629350
19 11255332 11255342 2756333 1629347
20 11173803 11173814 2756331 1629346
21 8620658 8620671 2756330 1629346
22 8485734 8485769 2756329 1629345
23 8444750 8444765 2756327 1629344
24 8296853 8296876 2756326 1629344
25 8204781 8204796 2756325 1629343
26 8126112 8126133 2756323 1629342
27 3616107 3616144 2756323 1629342
28 3529459 3529514 2756322 1629341
29 3334362 3334388 2756322 1629341
30 3265570 3265624 2756320 1629341
31 3210772 3210811 2756318 1629340
32 2756317 2756349 2756317 1629340
33 2692868 2692922 1629340
34 2571281 2571326 1629339
35 2560752 2560809 1629339
36 2458938 2458999 1629338
37 2454753 2454783 1629322
38 2389227 2389282 1629319
39 2330336 2330382 1629319
40 2316903 2317004 1629319
41 2295468 2295516 1629316
42 2240983 2241026 1629311
43 2216048 2216133 1629309
44 2131619 2131755 1629302
45 2199659 2199741 1629300
46 2089813 2089930 1629299
47 2142236 2142411 1629299
48 2067171 2067249 1629298
49 2076742 2076943 1629298
50 2043988 2044195 1629289
51 2026096 2026262 1629289
52 2028642 2028794 1629287
53 2019252 2019515 1629274
54 1988900 1989116 1629274
55 1966068 1966398 1629274
56 1963645 1963971 1629273
57 1724116 1724472 1629273
58 1711596 1711909 1629273
59 1716306 1716658 1629273
60 1690900 1691341 1629273
61 1659853 1660246 1629272
62 1657913 1658362 1629271
63 1645398 1645849 1629254
64 1629239 1629720 1629239
