1 - - 10521 5811
2 242406 242406 10521 5811
3 161418 161418 10521 5811
4 121304 121305 10521 5810
5 96718 96721 10520 5809
6 83593 83593 10518 5808
7 68689 68693 10518 5808
8 62442 62443 10517 5807
9 57225 57229 10516 5807
10 48716 48723 10516 5806
11 45198 45203 10514 5805
12 42869 42874 10514 5804
13 39927 39935 10513 5803
14 37836 37843 10512 5802
15 36038 36048 10509 5802
16 34455 34470 10508 5801
17 33255 33265 10507 5800
18 31744 31752 10506 5799
19 30306 30324 10506 5799
20 16334 16344 10505 5798
21 15533 15549 10504 5798
22 14888 14905 10504 5798
23 14249 14272 10502 5795
24 13667 13683 10502 5794
25 13185 13204 10496 5793
26 12640 12662 10495 5792
27 12226 12250 10495 5790
28 11935 11950 10495 5787
29 11569 11586 10495 5787
30 11075 11116 10495 5786
31 10837 10864 10494 5786
32 10494 10521 10494 5785
33 10158 10196 5782
34 9911 9940 5782
35 9698 9727 5782
36 9488 9515 5779
37 9250 9274 5779
38 9049 9080 5779
39 8805 8851 5777
40 8635 8683 5777
41 8521 8560 5776
42 8235 8276 5774
43 8051 8117 5772
44 7940 7990 5766
45 7787 7835 5765
46 7617 7663 5764
47 7502 7568 5764
48 7332 7385 5762
49 7249 7299 5758
50 7108 7166 5758
51 7017 7080 5758
52 6903 6974 5758
53 6805 6855 5755
54 6701 6772 5752
55 6609 6672 5743
56 6520 6572 5741
57 6421 6482 5737
58 6333 6430 5725
59 6151 6233 5725
60 6077 6149 5708
61 5988 6073 5694
62 5888 5998 5694
63 5808 5902 5679
64 5677 5811 5677
