1 - - 9114 5496
2 138719 138719 9114 5495
3 92586 92586 9114 5495
4 69484 69485 9113 5495
5 55555 55555 9113 5494
6 46217 46218 9113 5493
7 39599 39601 9113 5493
8 34610 34614 9112 5492
9 30731 30737 9111 5491
10 27585 27592 9111 5489
11 25166 25174 9110 5489
12 23367 23378 9110 5488
13 21324 21329 9107 5488
14 19791 19803 9104 5487
15 18527 18531 9103 5486
16 17475 17486 9101 5486
17 16395 16407 9100 5484
18 15517 15541 9100 5484
19 14819 14833 9100 5484
20 14045 14062 9098 5484
21 13395 13411 9097 5482
22 12794 12811 9097 5481
23 12313 12331 9087 5481
24 11853 11868 9087 5480
25 11427 11439 9086 5479
26 10953 10973 9085 5479
27 10606 10630 9084 5479
28 10259 10284 9083 5478
29 10048 10074 9083 5477
30 9684 9705 9082 5476
31 9419 9458 9080 5475
32 9080 9114 9080 5474
33 8851 8873 5473
34 8729 8759 5472
35 8523 8553 5472
36 8344 8389 5469
37 8036 8063 5467
38 8040 8066 5466
39 7779 7836 5465
40 7697 7731 5463
41 7442 7477 5460
42 7471 7507 5457
43 7402 7435 5457
44 7193 7250 5455
45 6926 6972 5454
46 6815 6852 5450
47 6673 6731 5446
48 6631 6699 5446
49 6482 6539 5445
50 6394 6450 5445
51 6377 6443 5445
52 6283 6351 5445
53 6239 6297 5445
54 6194 6269 5444
55 6011 6090 5444
56 5944 6009 5444
57 5788 5884 5443
58 5826 5903 5442
59 5665 5753 5441
60 5577 5674 5441
61 5528 5621 5441
62 5412 5516 5440
63 5443 5572 5440
64 5440 5496 5440
