1 - - 64291 112649
2 178608 178608 64291 112648
3 120948 120948 64291 112648
4 91692 91693 64290 112648
5 75680 75683 64290 112648
6 64427 64428 64289 112646
7 57435 57436 64289 112643
8 52541 52547 64288 112641
9 48728 48732 64287 112641
10 46414 46420 64287 112639
11 42945 42950 64286 112639
12 41799 41808 64285 112639
13 40139 40146 64284 112637
14 40869 40878 64284 112636
15 38762 38774 64284 112635
16 40295 40305 64284 112634
17 39496 39513 64284 112633
18 41431 41448 64283 112633
19 41747 41762 64282 112632
20 42060 42075 64282 112631
21 42042 42062 64281 112630
22 41317 41338 64280 112630
23 40467 40492 64280 112629
24 42088 42106 64279 112628
25 44425 44448 64278 112627
26 42449 42465 64277 112627
27 45783 45805 64276 112625
28 47936 47962 64276 112624
29 51536 51565 64275 112624
30 60225 60258 64273 112623
31 65910 65929 64266 112622
32 64264 64291 64264 112622
33 65193 65213 112620
34 68297 68321 112620
35 69003 69028 112618
36 72314 72345 112615
37 71865 71891 112615
38 77360 77392 112614
39 76569 76634 112612
40 82209 82252 112612
41 76633 76665 112611
42 81997 82035 112610
43 81066 81121 112610
44 83974 84017 112610
45 90768 90813 112609
46 83194 83245 112608
47 86425 86474 112606
48 89321 89374 112604
49 90947 91016 112599
50 91496 91555 112598
51 92138 92199 112598
52 94868 94934 112595
53 94968 95047 112593
54 98008 98067 112591
55 97942 97987 112590
56 100113 100179 112589
57 99941 100010 112582
58 103978 104022 112582
59 105641 105718 112580
60 103681 103759 112578
61 107778 107856 112577
62 111495 111566 112576
63 111491 111584 112574
64 112573 112649 112573
