1 - - 1670 1314
2 67400 67401 1670 1313
3 38808 38809 1670 1313
4 31083 31083 1670 1312
5 20920 20921 1668 1312
6 17499 17501 1668 1312
7 15766 15770 1668 1311
8 14713 14717 1667 1311
9 3942 3949 1666 1310
10 3622 3626 1666 1310
11 3361 3369 1664 1309
12 3140 3148 1664 1307
13 2959 2968 1663 1306
14 2786 2794 1662 1304
15 2657 2669 1661 1303
16 2533 2543 1660 1303
17 2442 2456 1659 1303
18 2342 2357 1658 1303
19 2250 2262 1657 1303
20 2173 2189 1656 1303
21 2115 2128 1655 1302
22 2048 2062 1655 1294
23 2002 2011 1652 1293
24 1939 1955 1652 1291
25 1909 1927 1651 1290
26 1859 1871 1651 1290
27 1805 1835 1650 1287
28 1771 1795 1649 1286
29 1741 1768 1648 1285
30 1694 1722 1646 1285
31 1691 1714 1643 1280
32 1641 1670 1641 1275
33 1619 1648 1275
34 1587 1610 1273
35 1559 1586 1273
36 1588 1616 1271
37 1520 1551 1270
38 1521 1561 1269
39 1481 1518 1269
40 1476 1509 1267
41 1499 1539 1267
42 1443 1512 1265
43 1419 1457 1265
44 1411 1434 1263
45 1397 1438 1263
46 1408 1469 1262
47 1412 1448 1259
48 1375 1427 1258
49 1342 1401 1258
50 1309 1370 1257
51 1351 1415 1255
52 1275 1342 1254
53 1312 1384 1253
54 1313 1374 1253
55 1288 1370 1253
56 1286 1359 1252
57 1303 1378 1248
58 1290 1360 1248
59 1261 1321 1247
60 1246 1323 1246
61 1247 1314 1245
62 1222 1313 1240
63 1229 1311 1214
64 1195 1314 1195
