1 - - 11336 6464
2 174167 174167 11336 6463
3 116056 116056 11336 6463
4 86965 86966 11335 6462
5 69408 69410 11334 6462
6 57751 57752 11333 6462
7 49537 49543 11333 6461
8 43248 43251 11333 6458
9 38568 38574 11332 6458
10 34720 34725 11332 6458
11 31545 31551 11331 6457
12 28865 28873 11331 6457
13 26739 26747 11331 6456
14 25002 25010 11330 6454
15 23215 23231 11329 6454
16 21700 21707 11328 6454
17 20431 20444 11327 6453
18 19346 19357 11326 6453
19 18373 18402 11326 6453
20 17454 17470 11325 6450
21 16673 16683 11324 6449
22 15957 15973 11324 6449
23 15303 15320 11323 6448
24 14658 14676 11323 6448
25 14101 14126 11321 6447
26 13609 13627 11320 6447
27 13264 13292 11320 6444
28 12788 12807 11319 6441
29 12298 12318 11319 6439
30 11962 11987 11319 6439
31 11607 11635 11318 6438
32 11317 11336 11317 6436
33 10924 10950 6436
34 10668 10701 6436
35 10407 10449 6436
36 10205 10241 6435
37 9912 9955 6433
38 9774 9811 6430
39 9494 9531 6428
40 9495 9537 6425
41 9115 9151 6425
42 8931 8973 6425
43 8784 8838 6424
44 8815 8848 6424
45 8443 8521 6423
46 8299 8344 6414
47 8170 8210 6413
48 8048 8108 6413
49 7875 7927 6412
50 7746 7813 6404
51 7641 7701 6403
52 7547 7604 6387
53 7335 7396 6386
54 7201 7266 6376
55 7117 7172 6373
56 7048 7135 6371
57 6883 6971 6367
58 6898 6980 6365
59 6702 6768 6363
60 6627 6740 6362
61 6594 6675 6362
62 6539 6640 6362
63 6370 6497 6361
64 6360 6464 6360
