1 - - 8918 5108
2 173311 173312 8918 5106
3 115686 115687 8918 5105
4 88427 88428 8917 5105
5 62958 62959 8916 5105
6 54449 54452 8915 5105
7 41426 41427 8914 5105
8 38881 38888 8914 5104
9 35128 35132 8913 5104
10 32973 32977 8912 5101
11 30674 30678 8911 5098
12 28510 28515 8911 5098
13 16491 16499 8910 5095
14 15684 15695 8906 5091
15 14778 14787 8905 5091
16 14158 14173 8905 5091
17 13655 13666 8904 5089
18 13180 13194 8904 5089
19 12185 12196 8904 5087
20 11797 11814 8904 5087
21 11240 11253 8903 5087
22 10907 10926 8901 5086
23 10638 10658 8896 5085
24 10375 10391 8896 5084
25 10127 10150 8893 5084
26 9918 9939 8892 5082
27 9733 9753 8890 5081
28 9534 9554 8890 5067
29 9342 9361 8888 5065
30 9176 9194 8888 5064
31 9029 9059 8888 5062
32 8887 8918 8887 5062
33 8761 8787 5058
34 8621 8663 5058
35 7790 7819 5058
36 7611 7643 5058
37 7584 7609 5058
38 7620 7667 5058
39 7597 7643 5058
40 7318 7354 5058
41 7451 7483 5058
42 7288 7331 5058
43 7076 7129 5058
44 7136 7206 5058
45 6443 6501 5057
46 6416 6456 5055
47 6398 6456 5052
48 6295 6339 5049
49 6200 6254 5046
50 6178 6251 5045
51 6094 6154 5045
52 6102 6190 5043
53 6065 6142 5043
54 6027 6110 5043
55 5994 6059 5043
56 5882 6004 5041
57 5877 5940 5040
58 5859 5929 5040
59 5805 5895 5039
60 5749 5832 5039
61 5103 5191 5032
62 5052 5156 5029
63 5072 5162 5020
64 5015 5108 5015
