1 - - 569628 467769
2 - - 569546 467751
3 - - 569544 467706
4 - - 569538 467702
5 - - 569512 467675
6 - - 569459 467662
7 - - 569451 467659
8 28766039 28766053 569445 467655
9 28424587 28424646 569445 467649
10 21040439 21040471 569439 467648
11 20960000 20960046 569435 467643
12 20672942 20673036 569433 467635
13 13278414 13278467 569432 467632
14 12865445 12865539 569427 467631
15 11323131 11323190 569426 467628
16 11232950 11232983 569426 467626
17 4439103 4439152 569425 467624
18 4438699 4438989 569422 467624
19 4443789 4443835 569421 467624
20 4427245 4427365 569420 467623
21 4436009 4436145 569416 467614
22 4429710 4429856 569414 467610
23 4432350 4432418 569414 467609
24 4445192 4445306 569413 467607
25 4423878 4424009 569410 467602
26 1320400 1320681 569410 467602
27 1320597 1320709 569409 467600
28 1317947 1318225 569408 467600
29 1315121 1315392 569407 467599
30 1316438 1316608 569403 467599
31 548817 548955 569395 467599
32 569394 569628 569394 467593
33 549780 549981 467593
34 439136 439298 467593
35 435793 435977 467589
36 437485 437581 467589
37 435365 435524 467587
38 434706 434870 467586
39 470468 470691 467583
40 438302 438475 467583
41 431997 432234 467583
42 454981 455272 467579
43 468780 469031 467578
44 451298 451479 467578
45 454260 454598 467577
46 433794 434046 467576
47 454247 454566 467576
48 465316 465552 467572
49 453193 453483 467571
50 466349 466688 467571
51 464657 464969 467568
52 461927 462248 467566
53 437615 437982 467561
54 454676 455077 467554
55 461041 461309 467549
56 468641 468844 467549
57 461721 461928 467547
58 467343 467584 467545
59 467719 467860 467544
60 457130 457327 467535
61 467249 467553 467534
62 463923 464205 467531
63 463511 463841 467529
64 467525 467769 467525
