1 - - 10559 7929
2 240200 240200 10464 7023
3 159146 159146 10399 6880
4 120247 120247 10388 6652
5 95881 95883 10354 6581
6 83452 83456 10353 6575
7 68395 68396 10342 6541
8 61904 61909 10340 6541
9 56538 56539 10339 6495
10 48441 48447 10338 6446
11 44910 44913 10337 6267
12 42521 42525 10336 6169
13 39566 39573 10336 6038
14 37616 37627 10335 5972
15 35816 35833 10334 5896
16 34234 34248 10333 5845
17 32852 32879 10333 5772
18 31414 31434 10330 5762
19 30060 30075 10328 5723
20 16198 16244 10327 5683
21 15420 15448 10326 5669
22 14726 14830 10323 5616
23 14213 14382 10322 5571
24 13543 13619 10320 5543
25 13064 13220 10319 5516
26 12568 12788 10319 5498
27 12110 12307 10315 5488
28 11704 11908 10314 5483
29 11335 11530 10312 5483
30 10974 11163 10312 5474
31 10645 10860 10310 5471
32 10309 10559 10309 5467
33 10103 10380 5464
34 9842 10102 5462
35 9588 9870 5461
36 9384 9674 5460
37 9149 9471 5454
38 8953 9190 5452
39 8778 9047 5450
40 8573 8889 5448
41 8440 8806 5447
42 8148 8486 5447
43 7999 8382 5440
44 7860 8154 5433
45 7718 8084 5433
46 7533 7975 5432
47 7391 8063 5428
48 7243 8084 5424
49 7123 8076 5419
50 7024 7579 5418
51 6919 8072 5417
52 6798 8035 5417
53 6679 8072 5417
54 6591 8046 5417
55 6472 8058 5413
56 6360 8030 5412
57 6194 7969 5411
58 6181 8109 5409
59 5941 7976 5409
60 5839 7982 5409
61 5717 7952 5408
62 5610 7926 5406
63 5505 7946 5405
64 5405 7929 5405
