1 - - 14146770 7650334
2 - - 14146770 7650334
3 - - 14146770 7650334
4 - - 14146770 7650334
5 - - 14146770 7650334
6 - - 14146770 7650333
7 - - 14146769 7650333
8 55477073 55477078 14146769 7650331
9 - - 14146769 7650328
10 - - 14146769 7650328
11 - - 14146769 7650326
12 - - 14146769 7650326
13 - - 14146768 7650323
14 - - 14146766 7650323
15 - - 14146765 7650323
16 28205932 28205939 14146765 7650322
17 26553365 26553379 14146764 7650321
18 25075632 25075641 14146763 7650319
19 23924423 23924436 14146761 7650319
20 22689497 22689509 14146761 7650319
21 21628287 21628305 14146759 7650318
22 20697558 20697578 14146758 7650317
23 19792394 19792408 14146758 7650316
24 19031036 19031053 14146757 7650314
25 18259849 18259865 14146756 7650314
26 17525761 17525779 14146755 7650312
27 16925730 16925761 14146754 7650311
28 16296004 16296025 14146753 7650310
29 15695957 15695985 14146753 7650310
30 15169057 15169079 14146751 7650308
31 14739090 14739111 14146747 7650307
32 14146743 14146770 14146743 7650307
33 13839386 13839412 7650307
34 13480203 13480229 7650307
35 13161083 13161119 7650307
36 12822742 12822780 7650307
37 12534306 12534352 7650307
38 12257454 12257490 7650307
39 12000109 12000139 7650307
40 11727771 11727816 7650302
41 11534532 11534582 7650293
42 11290411 11290443 7650293
43 10988043 10988088 7650291
44 10766957 10767010 7650290
45 10576834 10576870 7650288
46 10396444 10396475 7650284
47 10199353 10199400 7650282
48 10046752 10046819 7650271
49 9815820 9815880 7650260
50 9613152 9613193 7650258
51 9455040 9455085 7650258
52 9286582 9286650 7650257
53 9145685 9145773 7650257
54 8999628 8999690 7650257
55 8838773 8838826 7650257
56 8681332 8681410 7650257
57 8541817 8541878 7650257
58 8427374 8427441 7650256
59 8284769 8284843 7650256
60 8128665 8128763 7650251
61 7998172 7998240 7650251
62 7867230 7867337 7650233
63 7767026 7767100 7650216
64 7650214 7650334 7650214
