1 - - 6142 12397
2 135839 135840 6142 12397
3 90027 90027 6141 12396
4 65193 65195 6141 12396
5 51667 51669 6140 12396
6 42088 42090 6140 12395
7 33463 33466 6139 12394
8 29875 29880 6139 12394
9 27558 27563 6139 12393
10 26152 26157 6137 12393
11 19296 19304 6137 12393
12 17693 17698 6135 12392
13 17440 17448 6134 12392
14 8175 8185 6134 12390
15 7881 7891 6133 12390
16 7647 7658 6133 12389
17 7549 7561 6131 12388
18 7295 7315 6130 12388
19 7140 7156 6129 12388
20 7016 7034 6129 12387
21 6885 6899 6129 12386
22 6808 6823 6128 12385
23 6684 6704 6128 12384
24 6653 6675 6128 12384
25 6520 6542 6126 12383
26 6471 6492 6124 12380
27 6476 6501 6124 12380
28 6702 6735 6123 12380
29 6279 6301 6122 12380
30 6419 6446 6122 12379
31 6477 6504 6099 12377
32 6099 6142 6099 12377
33 6194 6235 12377
34 3983 4012 12373
35 3976 4005 12368
36 3954 3978 12367
37 3794 3853 12366
38 3837 3884 12366
39 3990 4038 12366
40 4170 4214 12366
41 4440 4492 12365
42 3935 3972 12365
43 3656 3692 12364
44 4605 4657 12364
45 5328 5389 12364
46 6357 6417 12363
47 7185 7224 12363
48 7553 7627 12362
49 5894 5939 12359
50 6365 6436 12356
51 7617 7672 12351
52 8183 8271 12351
53 9358 9426 12350
54 9184 9261 12348
55 7838 7925 12348
56 10982 11045 12339
57 10268 10388 12339
58 11594 11667 12328
59 11062 11153 12324
60 12537 12651 12320
61 13050 13157 12308
62 13482 13576 12279
63 14084 14157 12277
64 12276 12397 12276
