1 - - 565208 497478
2 - - 554525 486544
3 - - 553539 485552
4 40269132 40269134 553125 485340
5 - - 553030 482354
6 - - 552278 479427
7 - - 550599 478916
8 28759020 28761307 550449 477647
9 28441463 28445650 550136 475261
10 21031261 21036174 549291 474663
11 20966793 20972653 548400 474629
12 20674209 20680118 547491 473637
13 13241451 13246554 546745 473210
14 12845903 12852208 546343 472769
15 11318080 11325917 546251 472759
16 11256662 11266451 545317 472522
17 4428300 4442560 545298 472271
18 4448071 4462035 545143 472265
19 4427028 4443565 544994 471549
20 4433686 4452577 544869 470117
21 4427210 4447916 544814 468269
22 4428937 4448772 544772 468057
23 4435295 4455769 544768 467753
24 4449261 4468988 544708 467562
25 4428104 4448459 544704 466976
26 1315960 1330689 544704 466724
27 1315438 1331478 544704 466587
28 1315104 1332267 544699 466142
29 1314965 1333174 544698 464304
30 1310995 1329884 544692 464011
31 544231 563595 544692 463472
32 544691 565208 544691 463183
33 543947 565114 462939
34 456526 478638 462744
35 436208 458836 462168
36 434468 457782 462109
37 434535 458570 462055
38 431771 456698 461558
39 430874 456607 461538
40 430120 456835 461524
41 446747 475897 460900
42 430378 459214 460338
43 450166 479067 459754
44 466613 497836 459122
45 464653 496590 458174
46 448608 479635 458068
47 452467 485282 457495
48 461671 495496 456952
49 460357 494678 456907
50 455043 489945 456728
51 450995 485861 456537
52 462124 497926 456423
53 455297 491796 456416
54 458535 495194 456316
55 457639 495323 456287
56 451756 489858 456279
57 461270 499833 456258
58 445439 484463 456257
59 456159 495929 456246
60 454810 494753 456245
61 454841 495093 456238
62 449594 490528 456222
63 446852 487675 456216
64 456196 497478 456196
