1 - - 15565 8703
2 239513 239514 15565 8703
3 159722 159722 15565 8703
4 119886 119886 15562 8703
5 95908 95909 15561 8702
6 80163 80167 15560 8701
7 68628 68628 15559 8700
8 60084 60089 15559 8699
9 53442 53448 15558 8699
10 48122 48123 15556 8698
11 43664 43674 15555 8698
12 39963 39969 15555 8697
13 36938 36947 15553 8696
14 34309 34322 15552 8695
15 32094 32110 15551 8694
16 30098 30108 15550 8693
17 28479 28490 15549 8692
18 26911 26924 15547 8692
19 25549 25566 15547 8691
20 24286 24301 15546 8689
21 23171 23180 15546 8688
22 22138 22151 15546 8688
23 21255 21271 15546 8688
24 20566 20579 15546 8687
25 19586 19603 15544 8684
26 18968 18984 15543 8682
27 18210 18228 15540 8678
28 17613 17634 15538 8678
29 17034 17064 15537 8678
30 16526 16550 15532 8677
31 15990 16021 15529 8677
32 15528 15565 15528 8676
33 15197 15235 8675
34 14724 14767 8674
35 14380 14403 8674
36 14054 14089 8672
37 13733 13768 8672
38 13459 13494 8670
39 13169 13205 8670
40 12810 12846 8668
41 12554 12603 8667
42 12352 12393 8664
43 12094 12145 8663
44 11838 11889 8661
45 11764 11805 8661
46 11415 11459 8661
47 11193 11266 8660
48 11097 11133 8658
49 10853 10899 8656
50 10597 10654 8656
51 10513 10576 8654
52 10312 10402 8646
53 10188 10244 8643
54 10031 10092 8640
55 9855 9979 8640
56 9719 9776 8639
57 9571 9646 8637
58 9434 9517 8637
59 9348 9417 8635
60 9124 9241 8634
61 9032 9114 8634
62 8980 9040 8634
63 8831 8916 8634
64 8632 8703 8632
