1 - - 9347 30629
2 173314 173314 9347 30628
3 115421 115421 9347 30628
4 87297 87297 9347 30628
5 62665 62666 9346 30627
6 54146 54149 9345 30626
7 41220 41225 9344 30626
8 38761 38765 9340 30626
9 34918 34923 9338 30626
10 32656 32660 9335 30626
11 30537 30541 9333 30625
12 28351 28363 9332 30625
13 16431 16440 9331 30623
14 15635 15645 9330 30622
15 14675 14685 9329 30621
16 14103 14117 9329 30620
17 13598 13614 9328 30619
18 13225 13248 9327 30617
19 12098 12115 9326 30616
20 11968 11980 9325 30616
21 11321 11335 9325 30616
22 10903 10922 9324 30616
23 10783 10791 9321 30616
24 10490 10505 9320 30615
25 10228 10247 9319 30612
26 9938 9957 9317 30612
27 10326 10347 9316 30611
28 9734 9750 9315 30611
29 9568 9593 9313 30609
30 9794 9846 9312 30609
31 9216 9243 9312 30609
32 9312 9347 9312 30607
33 9484 9512 30606
34 9617 9645 30605
35 8928 8962 30602
36 8452 8488 30601
37 8273 8313 30601
38 8450 8479 30598
39 8784 8821 30598
40 8440 8484 30596
41 9858 9917 30593
42 8995 9026 30593
43 9131 9178 30591
44 10335 10387 30591
45 11397 11449 30590
46 9862 9920 30590
47 14076 14125 30589
48 12488 12542 30589
49 13020 13065 30584
50 13947 13992 30580
51 16940 16985 30580
52 16146 16220 30579
53 18952 19058 30577
54 22551 22608 30574
55 16760 16818 30573
56 22832 22881 30570
57 25861 25927 30568
58 22535 22617 30567
59 23799 23906 30563
60 27492 27615 30562
61 27710 27811 30562
62 29609 29687 30559
63 30874 30966 30541
64 30539 30629 30539
