1 - - 8972 6212
2 172778 172778 8955 6115
3 115169 115170 8950 6073
4 87017 87017 8938 5914
5 62543 62545 8936 5641
6 54042 54044 8931 5633
7 41199 41202 8926 5566
8 38540 38548 8926 5538
9 34878 34881 8926 5515
10 32540 32545 8924 5427
11 30429 30435 8924 5221
12 28282 28291 8922 5185
13 16354 16357 8921 5165
14 15580 15590 8919 5096
15 14657 14672 8919 5079
16 14071 14088 8918 5063
17 13578 13595 8917 5003
18 13069 13101 8915 5001
19 12056 12087 8915 5000
20 11682 11734 8913 4991
21 11114 11172 8913 4987
22 10848 10905 8912 4982
23 10562 10602 8912 4978
24 10298 10333 8911 4961
25 10041 10097 8909 4944
26 9813 9870 8907 4938
27 9645 9708 8906 4937
28 9490 9572 8905 4936
29 9276 9390 8905 4936
30 9095 9198 8905 4933
31 8960 9039 8901 4930
32 8901 8972 8901 4929
33 8673 8762 4928
34 8570 8683 4927
35 7644 7768 4927
36 7626 7705 4927
37 7535 7642 4927
38 7433 7591 4927
39 7494 7636 4923
40 7197 7369 4915
41 7298 7499 4913
42 7295 7502 4911
43 7106 7318 4899
44 6963 7111 4899
45 6294 6653 4897
46 6398 6797 4897
47 6323 6679 4884
48 6154 6709 4878
49 6195 6804 4875
50 6106 6777 4874
51 6065 6549 4872
52 6057 6809 4872
53 5994 6799 4871
54 5911 6793 4869
55 5808 6733 4861
56 5761 6742 4860
57 5770 6796 4854
58 5722 6770 4854
59 5658 6790 4853
60 5606 6803 4849
61 4962 6193 4848
62 4911 6183 4848
63 4848 6194 4848
64 4848 6212 4848
