1 - - 4647 3302
2 67090 67091 4646 3302
3 44533 44534 4646 3302
4 33181 33182 4646 3301
5 26459 26460 4645 3301
6 22176 22178 4645 3300
7 18758 18761 4643 3300
8 16434 16439 4643 3300
9 14661 14667 4642 3300
10 13225 13231 4641 3300
11 12108 12113 4640 3300
12 11070 11079 4639 3299
13 10239 10250 4638 3298
14 9576 9580 4638 3298
15 8951 8959 4636 3297
16 8433 8446 4635 3296
17 7980 7993 4634 3295
18 7584 7595 4634 3293
19 7234 7244 4633 3292
20 6904 6919 4633 3290
21 6584 6594 4631 3287
22 6283 6298 4631 3286
23 6118 6135 4629 3286
24 5874 5896 4628 3283
25 5652 5678 4622 3281
26 5505 5528 4621 3281
27 5478 5498 4620 3276
28 5134 5159 4618 3275
29 5064 5088 4617 3262
30 5005 5036 4616 3261
31 4794 4835 4615 3260
32 4613 4647 4613 3260
33 4531 4584 3259
34 4563 4592 3259
35 4509 4526 3257
36 4269 4296 3257
37 4224 4258 3257
38 4279 4319 3253
39 4129 4162 3252
40 4039 4074 3251
41 4114 4157 3247
42 3931 3969 3247
43 3918 3967 3245
44 3742 3784 3245
45 3894 3940 3243
46 3909 3980 3242
47 3547 3620 3242
48 3636 3687 3240
49 3585 3653 3240
50 3694 3765 3240
51 3488 3569 3240
52 3535 3609 3240
53 3436 3501 3240
54 3418 3483 3240
55 3621 3693 3240
56 3360 3421 3240
57 3621 3688 3239
58 3291 3379 3239
59 3499 3570 3239
60 3305 3383 3239
61 3163 3281 3239
62 3148 3229 3239
63 3452 3547 3239
64 3239 3302 3239
