1 - - 48720 83943
2 70077 70077 48720 83943
3 48043 48043 48720 83943
4 37053 37054 48719 83942
5 31396 31397 48719 83942
6 27862 27865 48719 83940
7 25375 25378 48717 83940
8 25362 25366 48716 83939
9 25174 25180 48716 83938
10 24292 24303 48714 83938
11 23049 23054 48714 83937
12 24222 24229 48714 83937
13 24131 24134 48714 83935
14 23749 23759 48712 83933
15 24776 24788 48712 83933
16 27016 27026 48710 83932
17 25248 25258 48710 83932
18 27679 27692 48709 83932
19 30604 30621 48708 83930
20 26996 27027 48706 83930
21 33479 33485 48706 83928
22 33287 33306 48706 83928
23 30636 30652 48704 83927
24 32455 32471 48704 83926
25 31239 31259 48702 83925
26 34568 34592 48702 83924
27 34717 34739 48702 83923
28 42141 42160 48699 83922
29 36260 36283 48697 83922
30 44882 44905 48696 83920
31 48103 48133 48696 83919
32 48694 48720 48694 83919
33 47422 47460 83917
34 52881 52908 83916
35 52382 52424 83916
36 53089 53116 83913
37 52348 52386 83912
38 55844 55893 83912
39 54353 54394 83908
40 55080 55134 83906
41 56277 56309 83904
42 54963 55009 83903
43 58000 58041 83902
44 58170 58245 83901
45 55714 55759 83899
46 59911 59951 83896
47 62223 62267 83892
48 62155 62203 83892
49 61157 61201 83892
50 63090 63173 83891
51 65395 65463 83891
52 65663 65729 83883
53 66996 67070 83883
54 68879 68952 83882
55 68431 68497 83882
56 71188 71228 83881
57 71200 71269 83881
58 72491 72562 83879
59 72909 72981 83878
60 74284 74368 83874
61 82640 82692 83868
62 77361 77440 83864
63 80956 81045 83856
64 83852 83943 83852
