1 - - 1753 4110
2 67343 67343 1753 4110
3 38659 38659 1753 4109
4 30779 30780 1753 4109
5 21118 21121 1752 4107
6 17330 17332 1751 4105
7 15757 15762 1751 4105
8 14568 14573 1750 4104
9 3945 3950 1750 4103
10 3592 3601 1750 4102
11 3326 3333 1750 4102
12 3124 3126 1750 4102
13 2928 2938 1749 4101
14 2767 2779 1749 4100
15 2636 2645 1748 4098
16 2523 2536 1746 4097
17 2413 2424 1746 4095
18 2317 2332 1744 4095
19 2251 2262 1744 4095
20 2167 2179 1741 4092
21 2096 2109 1741 4092
22 2032 2049 1740 4091
23 1981 1998 1740 4090
24 1947 1972 1740 4088
25 1897 1918 1740 4087
26 1861 1881 1737 4087
27 1817 1838 1736 4071
28 1759 1781 1735 4071
29 1730 1764 1735 4069
30 1736 1758 1734 4068
31 1710 1740 1733 4067
32 1732 1753 1732 4066
33 1715 1749 4066
34 1689 1721 4064
35 1816 1863 4063
36 1771 1822 4063
37 1602 1635 4061
38 1670 1697 4060
39 1874 1906 4053
40 1627 1654 4053
41 1702 1755 4052
42 1860 1896 4052
43 1529 1578 4048
44 1770 1813 4044
45 1873 1967 4043
46 1736 1784 4042
47 2128 2172 4039
48 1971 2030 4036
49 2260 2338 4031
50 2183 2253 4031
51 2383 2452 4028
52 2493 2559 4027
53 3273 3355 4027
54 2928 3004 4025
55 2627 2757 4024
56 4032 4092 4022
57 3871 3957 4006
58 4148 4228 4003
59 4878 4931 4003
60 4946 5033 4002
61 4671 4761 3997
62 5410 5495 3994
63 4909 5015 3991
64 3988 4110 3988
