1 - - 64975 125332
2 244340 244340 64975 125331
3 164284 164284 64975 125331
4 124576 124577 64974 125331
5 101683 101685 64974 125331
6 86514 86517 64973 125330
7 75417 75418 64973 125328
8 68341 68348 64972 125328
9 62281 62287 64971 125328
10 58528 58534 64971 125327
11 55196 55206 64971 125327
12 52205 52215 64971 125327
13 49028 49033 64971 125326
14 49304 49306 64971 125326
15 46898 46908 64969 125325
16 47195 47206 64968 125324
17 48250 48261 64967 125324
18 46261 46270 64966 125323
19 47488 47506 64964 125323
20 44436 44451 64964 125321
21 45686 45704 64961 125321
22 44562 44577 64961 125320
23 46225 46242 64961 125319
24 45294 45312 64961 125318
25 45939 45959 64959 125316
26 52069 52085 64958 125316
27 52424 52460 64957 125316
28 53560 53588 64956 125315
29 56469 56491 64955 125313
30 62677 62699 64954 125311
31 66772 66792 64946 125310
32 64942 64975 64942 125308
33 66315 66340 125308
34 67205 67228 125307
35 68377 68408 125305
36 69173 69207 125304
37 77220 77249 125304
38 75351 75385 125301
39 74319 74350 125299
40 75941 75996 125299
41 78889 78934 125299
42 83130 83160 125299
43 84661 84708 125298
44 82466 82507 125296
45 85705 85738 125295
46 87330 87379 125295
47 86613 86647 125295
48 91006 91059 125295
49 97834 97873 125294
50 94162 94216 125294
51 95747 95826 125293
52 97587 97638 125293
53 104298 104348 125293
54 101632 101701 125293
55 106162 106216 125290
56 104484 104534 125289
57 108194 108259 125283
58 115522 115593 125277
59 114608 114682 125267
60 113732 113786 125267
61 122866 122933 125267
62 120551 120616 125259
63 123398 123470 125257
64 125240 125332 125240
