1 - - 6027 2924
2 136681 136681 6027 2923
3 89918 89918 6027 2922
4 65513 65514 6027 2921
5 51858 51860 6025 2921
6 42359 42361 6024 2920
7 33651 33654 6024 2918
8 29905 29909 6023 2918
9 27727 27733 6022 2917
10 26161 26169 6020 2916
11 19311 19318 6019 2916
12 17839 17845 6019 2915
13 17338 17354 6018 2914
14 8193 8200 6016 2909
15 7913 7924 6016 2909
16 7734 7743 6015 2908
17 7485 7497 6014 2908
18 7347 7357 6012 2903
19 7150 7163 6012 2903
20 6995 7019 6012 2902
21 6877 6886 6010 2901
22 6763 6780 6009 2901
23 6665 6688 6008 2897
24 6536 6551 6008 2897
25 6454 6469 6006 2896
26 6370 6390 6006 2896
27 6314 6330 6006 2896
28 6230 6247 6004 2895
29 6159 6180 5998 2895
30 6092 6114 5992 2894
31 6014 6044 5991 2892
32 5990 6027 5990 2891
33 5944 5975 2889
34 3459 3486 2889
35 3417 3446 2889
36 3372 3423 2888
37 3358 3389 2888
38 3286 3315 2888
39 3363 3413 2888
40 3220 3250 2888
41 3294 3336 2888
42 3173 3221 2888
43 3124 3175 2888
44 3231 3268 2888
45 3168 3232 2887
46 3196 3248 2887
47 3116 3202 2886
48 3130 3178 2886
49 2975 3047 2885
50 3091 3153 2885
51 3047 3107 2885
52 3052 3118 2881
53 3007 3079 2879
54 2875 2949 2871
55 2969 3029 2862
56 2953 3022 2861
57 2939 3020 2861
58 2922 2991 2858
59 2912 2998 2857
60 2879 2981 2854
61 2849 2945 2853
62 2844 2932 2848
63 2841 2932 2847
64 2845 2924 2845
