1 - - 582975 641479
2 - - 582975 641478
3 - - 582975 641478
4 - - 582974 641478
5 - - 582973 641478
6 - - 582973 641476
7 - - 582972 641476
8 28716363 28716368 582972 641475
9 28387003 28387011 582970 641475
10 21081424 21081431 582969 641474
11 20935906 20935914 582968 641474
12 20651273 20651281 582968 641474
13 13234024 13234035 582967 641471
14 12865998 12866010 582966 641471
15 11436676 11436688 582965 641470
16 11237032 11237045 582964 641469
17 4441837 4441848 582963 641469
18 4448116 4448136 582962 641468
19 4441962 4441979 582961 641468
20 4447491 4447505 582960 641467
21 4443198 4443214 582960 641464
22 4446437 4446463 582959 641463
23 4438248 4438267 582958 641463
24 4463082 4463104 582957 641462
25 4441296 4441316 582955 641460
26 1339211 1339233 582955 641459
27 1346799 1346832 582954 641459
28 1336563 1336597 582953 641457
29 1335847 1335879 582952 641456
30 1350157 1350184 582952 641456
31 584173 584216 582949 641455
32 582947 582975 582947 641455
33 590800 590832 641453
34 461918 461975 641451
35 515067 515104 641447
36 502275 502318 641446
37 482650 482690 641446
38 502020 502067 641446
39 517556 517604 641445
40 543923 543974 641445
41 533243 533303 641442
42 557206 557246 641440
43 530266 530349 641438
44 539392 539445 641436
45 539467 539516 641435
46 588213 588270 641434
47 574443 574502 641432
48 584884 584957 641431
49 572566 572661 641430
50 603007 603072 641429
51 598405 598458 641429
52 579344 579399 641428
53 552704 552752 641427
54 621627 621701 641427
55 665207 665287 641422
56 652310 652384 641422
57 649123 649200 641417
58 676789 676889 641416
59 609680 609785 641410
60 611565 611643 641409
61 639489 639558 641407
62 706832 706940 641401
63 639323 639424 641392
64 641361 641479 641361
