1 - - 6017 3373
2 135492 135492 6003 3202
3 89714 89714 5991 3051
4 64891 64892 5990 3040
5 51551 51552 5986 3005
6 42272 42274 5986 2993
7 33425 33428 5985 2989
8 29738 29741 5984 2988
9 27475 27481 5983 2983
10 26108 26113 5982 2958
11 19238 19249 5982 2919
12 17666 17672 5982 2891
13 17256 17263 5981 2876
14 8123 8133 5980 2871
15 7866 7875 5977 2864
16 7654 7662 5975 2857
17 7436 7451 5975 2856
18 7256 7272 5975 2846
19 7104 7119 5973 2846
20 6982 7000 5972 2846
21 6828 6872 5967 2839
22 6716 6743 5966 2838
23 6599 6618 5965 2837
24 6499 6529 5964 2837
25 6412 6442 5964 2837
26 6321 6364 5963 2835
27 6301 6330 5963 2835
28 6174 6204 5962 2834
29 6127 6184 5962 2828
30 6066 6109 5962 2824
31 5986 6056 5959 2823
32 5958 6017 5958 2821
33 5871 5921 2820
34 3424 3502 2819
35 3399 3477 2818
36 3365 3452 2818
37 3330 3381 2818
38 3273 3346 2817
39 3218 3273 2816
40 3298 3400 2814
41 3257 3322 2813
42 3239 3314 2812
43 3207 3310 2811
44 3178 3366 2810
45 3166 3310 2809
46 3145 3391 2808
47 3121 3381 2807
48 3053 3307 2806
49 2953 3201 2806
50 2928 3272 2793
51 3007 3366 2787
52 2976 3384 2783
53 2974 3399 2782
54 2955 3392 2779
55 2877 3343 2771
56 2891 3371 2771
57 2886 3370 2768
58 2876 3326 2768
59 2853 3325 2765
60 2779 3367 2764
61 2688 3255 2762
62 2812 3416 2761
63 2799 3372 2755
64 2747 3373 2747
