1 - - 57789 99723
2 142327 142328 57789 99722
3 97403 97404 57789 99722
4 73455 73455 57788 99722
5 59934 59934 57787 99721
6 52247 52249 57787 99720
7 46415 46417 57786 99719
8 43157 43163 57784 99719
9 40295 40300 57784 99719
10 38566 38572 57784 99719
11 37637 37643 57782 99718
12 36530 36540 57781 99717
13 36533 36539 57780 99717
14 35707 35713 57779 99717
15 36228 36238 57779 99716
16 36846 36864 57779 99715
17 36666 36676 57779 99715
18 35873 35879 57776 99714
19 38959 38972 57775 99713
20 36955 36968 57773 99713
21 36657 36672 57773 99712
22 39327 39342 57773 99711
23 41236 41258 57773 99711
24 37144 37165 57772 99711
25 36636 36662 57769 99711
26 41506 41524 57769 99711
27 42777 42800 57768 99711
28 48664 48681 57768 99711
29 52882 52899 57768 99710
30 59310 59333 57766 99710
31 56952 56971 57765 99710
32 57765 57789 57765 99710
33 59049 59070 99710
34 61492 61520 99710
35 65219 65253 99710
36 62473 62498 99710
37 65507 65538 99710
38 64976 65025 99709
39 64860 64899 99709
40 67390 67433 99709
41 67055 67102 99709
42 69418 69446 99709
43 67410 67450 99709
44 70740 70778 99709
45 71942 71982 99709
46 70961 71002 99708
47 72518 72562 99707
48 70540 70588 99707
49 74788 74817 99701
50 73828 73887 99672
51 77280 77334 99662
52 78087 78126 99661
53 80879 80931 99659
54 80015 80075 99658
55 81444 81523 99657
56 83573 83635 99657
57 86574 86634 99656
58 86596 86675 99656
59 87470 87538 99656
60 88211 88296 99654
61 89022 89075 99650
62 91026 91112 99645
63 92913 92970 99639
64 99637 99723 99637
