1 - - 1689 1464
2 67082 67082 1684 1431
3 38588 38588 1684 1413
4 30717 30717 1684 1395
5 20782 20783 1683 1378
6 17297 17297 1681 1371
7 15729 15732 1681 1364
8 14602 14606 1680 1346
9 3900 3903 1679 1346
10 3604 3614 1679 1344
11 3338 3344 1678 1342
12 3114 3123 1677 1334
13 2946 2951 1677 1320
14 2761 2766 1676 1313
15 2628 2638 1674 1285
16 2519 2529 1669 1283
17 2415 2428 1668 1279
18 2316 2325 1665 1274
19 2236 2244 1665 1271
20 2170 2185 1664 1262
21 2101 2112 1663 1253
22 2026 2038 1662 1253
23 1969 1987 1662 1252
24 1939 1949 1661 1251
25 1875 1892 1661 1250
26 1819 1846 1659 1241
27 1790 1806 1659 1235
28 1757 1779 1658 1234
29 1713 1732 1658 1234
30 1663 1705 1658 1232
31 1652 1683 1658 1232
32 1658 1689 1658 1228
33 1616 1645 1227
34 1607 1644 1226
35 1543 1576 1225
36 1536 1573 1222
37 1539 1591 1220
38 1484 1527 1219
39 1507 1565 1219
40 1459 1493 1215
41 1427 1480 1214
42 1433 1487 1214
43 1433 1507 1214
44 1373 1449 1213
45 1415 1465 1213
46 1367 1419 1213
47 1344 1424 1213
48 1374 1463 1213
49 1302 1382 1212
50 1352 1469 1211
51 1339 1464 1209
52 1308 1477 1207
53 1322 1469 1204
54 1287 1466 1200
55 1297 1467 1134
56 1255 1436 1133
57 1229 1464 1133
58 1245 1428 1132
59 1202 1465 1132
60 1216 1464 1131
61 1187 1466 1131
62 1161 1467 1130
63 1193 1469 1129
64 1129 1464 1129
